            4006          0.2441               0               0               0               0
            4010          0.4223               0               0               0               0
            4017          0.6005               0               0               0               0
            4022           1.001               0               0               0               0
            4027           1.447               0               0               0               0
            4033           2.071               0               0               0               0
            4039           2.516               0               0               0               0
            4044           2.872               0               0               0               0
            4049           3.184               0               0               0               0
            4054           3.407               0               0               0               0
            4059           3.496               0               0               0               0
            4065           3.496               0               0               0               0
            4070            3.14               0               0               0               0
            4075           2.739               0               0               0               0
            4080           2.249               0               0               0               0
            4086           1.759               0               0               0               0
            4090           1.402               0               0               0               0
            4095           1.001               0               0               0               0
            4102          0.6896               0               0               0               0
            4109          0.4669               0               0               0               0
