4016.0	0.012983322143554688
4016.1	0.004441261291503906
4016.2	-0.0036590099334716797
4016.3	-0.011323928833007812
4016.4	-0.018556833267211914
4016.5	-0.025360822677612305
4016.6	-0.03174185752868652
4016.7	-0.037705183029174805
4016.8	-0.04325103759765625
4016.9	-0.048386335372924805
4017.0	-0.05311727523803711
4017.1	-0.057444095611572266
4017.2	-0.061373233795166016
4017.3	-0.06490850448608398
4017.4	-0.0680546760559082
4017.5	-0.07081437110900879
4017.6	-0.07319331169128418
4017.7	-0.0751945972442627
4017.8	-0.07682347297668457
4017.9	-0.07808375358581543
4018.0	-0.0789785385131836
4018.1	-0.07951092720031738
4018.2	-0.07968854904174805
4018.3	-0.0795128345489502
4018.4	-0.07898807525634766
4018.5	-0.07811880111694336
4018.6	-0.07690858840942383
4018.7	-0.0753622055053711
4018.8	-0.07348227500915527
4018.9	-0.0712740421295166
4019.0	-0.0687410831451416
4019.1	-0.0658869743347168
4019.2	-0.06271600723266602
4019.3	-0.05923128128051758
4019.4	-0.055437326431274414
4019.5	-0.05133795738220215
4019.6	-0.04693722724914551
4019.7	-0.042238473892211914
4019.8	-0.037245988845825195
4019.9	-0.03196287155151367
4020.0	-0.026393890380859375
4020.1	-0.020541906356811523
4020.2	-0.014410734176635742
4020.3	-0.008005857467651367
4020.4	-0.0013279914855957031
4020.5	0.005617380142211914
4020.6	0.012825727462768555
4020.7	0.020295381546020508
4020.8	0.028021574020385742
4020.9	0.036000967025756836
4021.0	0.044229745864868164
4021.1	0.052703857421875
4021.2	0.061420440673828125
4021.3	0.07037591934204102
4021.4	0.07956719398498535
4021.5	0.0889885425567627
4021.6	0.09863924980163574
4021.7	0.10851359367370605
4021.8	0.11860847473144531
4021.9	0.1289217472076416
4022.0	0.1394491195678711
4022.1	0.15018725395202637
4022.2	0.1611325740814209
4022.3	0.17227959632873535
4022.4	0.18362855911254883
4022.5	0.1951746940612793
4022.6	0.20691370964050293
4022.7	0.2188427448272705
4022.8	0.2309589385986328
4022.9	0.24325942993164062
4023.0	0.2557389736175537
4023.1	0.26839423179626465
4023.2	0.28122401237487793
4023.3	0.29422593116760254
4023.4	0.3073923587799072
4023.5	0.3207237720489502
4023.6	0.3342149257659912
4023.7	0.34786415100097656
4023.8	0.3616666793823242
4023.9	0.3756217956542969
4024.0	0.389723539352417
4024.1	0.40396952629089355
4024.2	0.41835808753967285
4024.3	0.43288445472717285
4024.4	0.44754648208618164
4024.5	0.4623398780822754
4024.6	0.4772634506225586
4024.7	0.4923133850097656
4024.8	0.5074846744537354
4024.9	0.5227763652801514
4025.0	0.5381858348846436
4025.1	0.5537095069885254
4025.2	0.5693440437316895
4025.3	0.5850861072540283
4025.4	0.6009335517883301
4025.5	0.6168828010559082
4025.6	0.6329305171966553
4025.7	0.6490757465362549
4025.8	0.6653141975402832
4025.9	0.6816427707672119
4026.0	0.6980602741241455
4026.1	0.7145612239837646
4026.2	0.7311456203460693
4026.3	0.7478077411651611
4026.4	0.7645471096038818
4026.5	0.7813601493835449
4026.6	0.7982437610626221
4026.7	0.8151953220367432
4026.8	0.8322122097015381
4026.9	0.8492932319641113
4027.0	0.8664321899414062
4027.1	0.8836288452148438
4027.2	0.9008815288543701
4027.3	0.9181852340698242
4027.4	0.9355373382568359
4027.5	0.9529383182525635
4027.6	0.9703812599182129
4027.7	0.9878664016723633
4027.8	1.0053901672363281
4027.9	1.022951364517212
4028.0	1.0405454635620117
4028.1	1.0581707954406738
4028.2	1.0758249759674072
4028.3	1.0935046672821045
4028.4	1.1112086772918701
4028.5	1.1289341449737549
4028.6	1.1466782093048096
4028.7	1.1644389629364014
4028.8	1.182213306427002
4028.9	1.199998140335083
4029.0	1.2177929878234863
4029.1	1.2355945110321045
4029.2	1.253401517868042
4029.3	1.2712082862854004
4029.4	1.289015293121338
4029.5	1.3068208694458008
4029.6	1.3246209621429443
4029.7	1.3424131870269775
4029.8	1.3601961135864258
4029.9	1.377967357635498
4030.0	1.3957250118255615
4030.1	1.413466453552246
4030.2	1.4311883449554443
4030.3	1.448890209197998
4030.4	1.4665684700012207
4030.5	1.4842228889465332
4030.6	1.5018494129180908
4030.7	1.519446849822998
4030.8	1.5370123386383057
4030.9	1.5545446872711182
4031.0	1.5720429420471191
4031.1	1.5895013809204102
4031.2	1.6069207191467285
4031.3	1.624297857284546
4031.4	1.6416311264038086
4031.5	1.6589198112487793
4031.6	1.676159381866455
4031.7	1.6933486461639404
4031.8	1.7104878425598145
4031.9	1.727571964263916
4032.0	1.7446010112762451
4032.1	1.7615725994110107
4032.2	1.7784836292266846
4032.3	1.7953333854675293
4032.4	1.8121209144592285
4032.5	1.8288421630859375
4032.6	1.8454973697662354
4032.7	1.8620827198028564
4032.8	1.8785984516143799
4032.9	1.8950409889221191
4033.0	1.911409616470337
4033.1	1.927701473236084
4033.2	1.9439163208007812
4033.3	1.960052728652954
4033.4	1.976106882095337
4033.5	1.9920778274536133
4033.6	2.0079638957977295
4033.7	2.0237655639648438
4033.8	2.0394771099090576
4033.9	2.055100202560425
4034.0	2.070631980895996
4034.1	2.0860695838928223
4034.2	2.1014156341552734
4034.3	2.1166632175445557
4034.4	2.1318137645721436
4034.5	2.1468656063079834
4034.6	2.1618173122406006
4034.7	2.176665782928467
4034.8	2.191411018371582
4034.9	2.206050157546997
4035.0	2.2205843925476074
4035.1	2.2350096702575684
4035.2	2.2493245601654053
4035.3	2.2635295391082764
4035.4	2.2776215076446533
4035.5	2.291599988937378
4035.6	2.3054628372192383
4035.7	2.319209575653076
4035.8	2.3328378200531006
4035.9	2.346346855163574
4036.0	2.3597359657287598
4036.1	2.3730032444000244
4036.2	2.3861470222473145
4036.3	2.399165630340576
4036.4	2.4120595455169678
4036.5	2.4248266220092773
4036.6	2.4374639987945557
4036.7	2.44997239112854
4036.8	2.4623522758483887
4036.9	2.4745981693267822
4037.0	2.486711025238037
4037.1	2.498690128326416
4037.2	2.5105340480804443
4037.3	2.522243022918701
4037.4	2.533812999725342
4037.5	2.5452442169189453
4037.6	2.556536912918091
4037.7	2.567688465118408
4037.8	2.5786969661712646
4037.9	2.589564561843872
4038.0	2.600287675857544
4038.1	2.610865592956543
4038.2	2.621298313140869
4038.3	2.6315839290618896
4038.4	2.6417219638824463
4038.5	2.651710033416748
4038.6	2.661550521850586
4038.7	2.6712398529052734
4038.8	2.6807775497436523
4038.9	2.6901633739471436
4039.0	2.6993956565856934
4039.1	2.7084741592407227
4039.2	2.717397451400757
4039.3	2.726165533065796
4039.4	2.7347772121429443
4039.5	2.743232250213623
4039.6	2.751528263092041
4039.7	2.7596664428710938
4039.8	2.767643928527832
4039.9	2.775461435317993
4040.0	2.7831194400787354
4040.1	2.7906150817871094
4040.2	2.7979485988616943
4040.3	2.8051185607910156
4040.4	2.812124729156494
4040.5	2.818967342376709
4040.6	2.825645685195923
4040.7	2.8321573734283447
4040.8	2.838503837585449
4040.9	2.844683885574341
4041.0	2.850696563720703
4041.1	2.856541872024536
4041.2	2.862218141555786
4041.3	2.8677268028259277
4041.4	2.8730647563934326
4041.5	2.878234624862671
4041.6	2.8832337856292725
4041.7	2.8880629539489746
4041.8	2.8927195072174072
4041.9	2.8972058296203613
4042.0	2.901520013809204
4042.1	2.905661106109619
4042.2	2.909630537033081
4042.3	2.9134268760681152
4042.4	2.917050361633301
4042.5	2.920499801635742
4042.6	2.9237754344940186
4042.7	2.9268763065338135
4042.8	2.9298040866851807
4042.9	2.932555913925171
4043.0	2.9351325035095215
4043.1	2.9375336170196533
4043.2	2.939760208129883
4043.3	2.941812753677368
4043.4	2.943686008453369
4043.5	2.945385217666626
4043.6	2.9469075202941895
4043.7	2.9482545852661133
4043.8	2.9494247436523438
4043.9	2.950417995452881
4044.0	2.951235055923462
4044.1	2.951875925064087
4044.2	2.952338933944702
4044.3	2.952624797821045
4044.4	2.9527347087860107
4044.5	2.952667713165283
4044.6	2.952423095703125
4044.7	2.952002763748169
4044.8	2.951404571533203
4044.9	2.9506309032440186
4045.0	2.949679136276245
4045.1	2.9485511779785156
4045.2	2.947247266769409
4045.3	2.9457662105560303
4045.4	2.9441089630126953
4045.5	2.942275285720825
4045.6	2.940265417098999
4045.7	2.9380805492401123
4045.8	2.9357190132141113
4045.9	2.933183431625366
4046.0	2.9304707050323486
4046.1	2.927584171295166
4046.2	2.92452335357666
4046.3	2.921286106109619
4046.4	2.9178755283355713
4046.5	2.9142916202545166
4046.6	2.910531759262085
4046.7	2.9066004753112793
4046.8	2.902496576309204
4046.9	2.898219585418701
4047.0	2.8937692642211914
4047.1	2.889147996902466
4047.2	2.884354591369629
4047.3	2.879390239715576
4047.4	2.874255895614624
4047.5	2.8689496517181396
4047.6	2.8634753227233887
4047.7	2.8578314781188965
4047.8	2.852018117904663
4047.9	2.8460376262664795
4048.0	2.839888334274292
4048.1	2.833571672439575
4048.2	2.8270885944366455
4048.3	2.820439100265503
4048.4	2.813624620437622
4048.5	2.8066446781158447
4048.6	2.799501657485962
4048.7	2.792193651199341
4048.8	2.784721851348877
4048.9	2.7770893573760986
4049.0	2.769294023513794
4049.1	2.7613377571105957
4049.2	2.7532217502593994
4049.3	2.7449450492858887
4049.4	2.7365097999572754
4049.5	2.727916717529297
4049.6	2.7191662788391113
4049.7	2.7102596759796143
4049.8	2.7011966705322266
4049.9	2.691979169845581
4050.0	2.682607412338257
4050.1	2.6730809211730957
4050.2	2.6634037494659424
4050.3	2.653573751449585
4050.4	2.643594264984131
4050.5	2.633464813232422
4050.6	2.623185634613037
4050.7	2.6127588748931885
4050.8	2.6021852493286133
4050.9	2.591466188430786
4051.0	2.580601453781128
4051.1	2.569592237472534
4051.2	2.558440685272217
4051.3	2.5471456050872803
4051.4	2.5357115268707275
4051.5	2.524136543273926
4051.6	2.512422800064087
4051.7	2.5005722045898438
4051.8	2.48858380317688
4051.9	2.4764604568481445
4052.0	2.4642021656036377
4052.1	2.4518117904663086
4052.2	2.439288854598999
4052.3	2.4266345500946045
4052.4	2.413851261138916
4052.5	2.4009385108947754
4052.6	2.387899160385132
4052.7	2.3747336864471436
4052.8	2.3614439964294434
4052.9	2.3480303287506104
4053.0	2.3344948291778564
4053.1	2.3208374977111816
4053.2	2.307060956954956
4053.3	2.2931671142578125
4053.4	2.2791554927825928
4053.5	2.265028715133667
4053.6	2.2507874965667725
4053.7	2.236433267593384
4053.8	2.2219674587249756
4053.9	2.207392692565918
4054.0	2.1927096843719482
4054.1	2.1779186725616455
4054.2	2.1630232334136963
4054.3	2.1480226516723633
4054.4	2.132920265197754
4054.5	2.1177172660827637
4054.6	2.1024134159088135
4054.7	2.0870120525360107
4054.8	2.0715157985687256
4054.9	2.055922746658325
4055.0	2.0402371883392334
4055.1	2.0244603157043457
4055.2	2.0085933208465576
4055.3	1.9926388263702393
4055.4	1.9765970706939697
4055.5	1.9604694843292236
4055.6	1.9442591667175293
4055.7	1.9279675483703613
4055.8	1.9115955829620361
4055.9	1.895146131515503
4056.0	1.878619909286499
4056.1	1.8620197772979736
4056.2	1.8453459739685059
4056.3	1.8286006450653076
4056.4	1.81178617477417
4056.5	1.794905662536621
4056.6	1.7779576778411865
4056.7	1.7609469890594482
4056.8	1.7438750267028809
4056.9	1.7267425060272217
4057.0	1.7095506191253662
4057.1	1.6923038959503174
4057.2	1.6750030517578125
4057.3	1.657649278640747
4057.4	1.6402463912963867
4057.5	1.6227941513061523
4057.6	1.6052963733673096
4057.7	1.587754726409912
4057.8	1.5701687335968018
4057.9	1.5525448322296143
4058.0	1.5348803997039795
4058.1	1.5171821117401123
4058.2	1.499448299407959
4058.3	1.4816830158233643
4058.4	1.4638879299163818
4058.5	1.4460649490356445
4058.6	1.4282174110412598
4058.7	1.410346269607544
4058.8	1.3924529552459717
4058.9	1.3745410442352295
4059.0	1.3566133975982666
4059.1	1.3386695384979248
4059.2	1.320713758468628
4059.3	1.302748441696167
4059.4	1.284775733947754
4059.5	1.266796350479126
4059.6	1.2488155364990234
4059.7	1.230832576751709
4059.8	1.2128498554229736
4059.9	1.1948728561401367
4060.0	1.1769013404846191
4060.1	1.1589384078979492
4060.2	1.140986680984497
4060.3	1.1230485439300537
4060.4	1.1051247119903564
4060.5	1.0872204303741455
4060.6	1.0693366527557373
4060.7	1.0514755249023438
4060.8	1.0336403846740723
4060.9	1.0158336162567139
4061.0	0.9980573654174805
4061.1	0.9803133010864258
4061.2	0.9626071453094482
4061.3	0.944936990737915
4061.4	0.9273083209991455
4061.5	0.9097244739532471
4061.6	0.8921849727630615
4061.7	0.87469482421875
4061.8	0.8572561740875244
4061.9	0.8398716449737549
4062.0	0.8225433826446533
4062.1	0.805274248123169
4062.2	0.7880682945251465
4062.3	0.770925760269165
4062.4	0.7538518905639648
4062.5	0.7368466854095459
4062.6	0.7199156284332275
4062.7	0.7030596733093262
4062.8	0.6862835884094238
4062.9	0.669588565826416
4063.0	0.6529765129089355
4063.1	0.6364519596099854
4063.2	0.6200172901153564
4063.3	0.6036770343780518
4063.4	0.587430477142334
4063.5	0.5712833404541016
4063.6	0.5552370548248291
4063.7	0.5392954349517822
4063.8	0.523461103439331
4063.9	0.5077376365661621
4064.0	0.4921278953552246
4064.1	0.47663307189941406
4064.2	0.4612588882446289
4064.3	0.44600582122802734
4064.4	0.4308791160583496
4064.5	0.4158804416656494
4064.6	0.4010124206542969
4064.7	0.38628101348876953
4064.8	0.3716850280761719
4064.9	0.35723137855529785
4065.0	0.34292078018188477
4065.1	0.32875776290893555
4065.2	0.3147444725036621
4065.3	0.3008859157562256
4065.4	0.2871818542480469
4065.5	0.2736392021179199
4065.6	0.26025843620300293
4065.7	0.24704551696777344
4065.8	0.23400020599365234
4065.9	0.2211289405822754
4066.0	0.2084338665008545
4066.1	0.19591832160949707
4066.2	0.18358469009399414
4066.3	0.17143750190734863
4066.4	0.15947914123535156
4066.5	0.14771413803100586
4066.6	0.13614511489868164
4066.7	0.12477421760559082
4066.8	0.11360955238342285
4066.9	0.10264849662780762
4067.0	0.09189629554748535
4067.1	0.0813593864440918
4067.2	0.07104015350341797
4067.3	0.060938358306884766
4067.4	0.05106163024902344
4067.5	0.0414125919342041
4067.6	0.03199458122253418
4067.7	0.022809505462646484
4067.8	0.013862848281860352
4067.9	0.0051572322845458984
4068.0	-0.003302335739135742
4068.1	-0.011514425277709961
4068.2	-0.019474029541015625
4068.3	-0.02717733383178711
4068.4	-0.034621477127075195
4068.5	-0.041802167892456055
4068.6	-0.048715829849243164
4068.7	-0.0553584098815918
4068.8	-0.06172823905944824
4068.9	-0.06781840324401855
4069.0	-0.07362890243530273
4069.1	-0.07915234565734863
4069.2	-0.08438563346862793
4069.3	-0.08932709693908691
4069.4	-0.09397149085998535
4069.5	-0.09831595420837402
4069.6	-0.10235381126403809
4069.7	-0.10608482360839844
4069.8	-0.10950350761413574
4069.9	-0.11260533332824707
4070.0	-0.1153874397277832
4070.1	-0.11784529685974121
4070.2	-0.11997532844543457
4070.3	-0.12177395820617676
4070.4	-0.12323570251464844
4070.5	-0.1243586540222168
4070.6	-0.1251368522644043
4070.7	-0.12556815147399902
4070.8	-0.12564849853515625
4070.9	-0.12537074089050293
4071.0	-0.12473464012145996
4071.1	-0.1237339973449707
4071.2	-0.12236499786376953
4071.3	-0.12062430381774902
4071.4	-0.11850738525390625
4071.5	-0.11600923538208008
4071.6	-0.1131277084350586
4071.7	-0.10985660552978516
4071.8	-0.10619354248046875
4071.9	-0.10213232040405273
4072.0	-0.09766960144042969
4072.1	-0.0928030014038086
4072.2	-0.0875253677368164
4072.3	-0.08183431625366211
4072.4	-0.07572340965270996
4072.5	-0.06919240951538086
4072.6	-0.06223273277282715
4072.7	-0.054843902587890625
4072.8	-0.04701709747314453
4072.9	-0.03875136375427246
4073.0	-0.030042171478271484
4073.1	-0.020883560180664062
4073.2	-0.011272668838500977
4073.3	-0.001203298568725586
4073.4	0.009326696395874023
4073.5	0.02032303810119629
4073.6	0.031790971755981445
4073.7	0.04373335838317871
4073.8	0.05615496635437012
4073.9	0.0690617561340332
4074.0	0.08245635032653809
4074.1	0.09634566307067871
4074.2	0.11072993278503418
4074.3	0.12561845779418945
4074.4	0.14101338386535645
4074.5	0.1569206714630127
4074.6	0.17334270477294922
4074.7	0.19028687477111816
4074.8	0.20775461196899414
4074.9	0.2257533073425293
4075.0	0.24428629875183105
4075.1	0.26335930824279785
4075.2	0.2829763889312744
4075.3	0.30313992500305176
4075.4	0.32385921478271484
4075.5	0.3451368808746338
4075.6	0.3669767379760742
4075.7	0.38938355445861816
4075.8	0.41236305236816406
4075.9	0.43592071533203125
4076.0	0.46006107330322266
