6.399566556122827e-06
-0.10353120126536404
628.0830868315768
-1693457.5366351895
1712208610.3687887

-5.593385939750531e-08
0.0011375952670473347
-9.25430357587838
37640.2762034253
-76544688.55050313
62261647478.0198

-7.041624512070118e-12
1.1464182929105173e-07
-0.0005840599898940234
0.013354625898216146
9578.679741205395
-31228905.28018796
31770667439.925316

-9.531894019422544e-16
1.2756242029962487e-11
-3.8581090393936265e-08
-0.00013609572297801052
0.5609079196514831
2539.7164293731275
-14061517.519872552
17427529819.95217