            4015          0.0                    0               0               0               0
            4016          0.0                    0               0               0               0
            4017          0.0                    0               0               0               0
            4018          0.0                    0               0               0               0
            4019          0.0                    0               0               0               0
            4020          0.0                    0               0               0               0
            4021          0.1811               0               0               0               0
            4024          0.3321               0               0               0               0
            4029          0.8604               0               0               0               0
            4033           1.766               0               0               0               0
            4037           2.445               0               0               0               0
            4040           3.049               0               0               0               0
            4044           3.351               0               0               0               0
            4047           3.125               0               0               0               0
            4051            2.37               0               0               0               0
            4055           1.766               0               0               0               0
            4059           1.011               0               0               0               0
            4062          0.7094               0               0               0               0
            4066           0.483               0               0               0               0
            4070          0.1057               0               0               0               0
            4071          0.0                    0               0               0               0
            4072          0.0                    0               0               0               0
            4073          0.0                    0               0               0               0
            4074          0.0                    0               0               0               0
            4075          0.0                    0               0               0               0
